$ANSIBLE_VAULT;1.1;AES256
62396163373537636332353939383335343235336463623238316636393836656539393365633335
6261663666666566393332623639366362646263353734310a343439333861336330396334303734
34366637326137393763396661373863663436613537393531663061666662646565663931353463
3539623830333764370a666538386661393363373936356336643130356536376365316163636632
37373837376266663266326533626136643238353837623733323835653863613531316666663637
38643731343334613430343734313064626431373166663662313234656638363636376532616635
36373564633539653234366334366631393935356438636438623237653031353732343537316665
62323731613735386631646431386434333330356531356165353834313862333936343533393064
62633235373331353362313363316436356139333766383462353062653963656666616630663739
63666532383662623566376334616233666563636264366537666138633938643731386162666339
61373962636363633765653735323461636335353962356462313237303537643063386463313137
66346361343139636231333537363833653165303634653231613234613631646164623134343839
37663934646234386530376263383466373664323334323136663734633261323037303139353434
30636564323265336166656538666363306135363136643936306465396434393764383236633062
35336164343631666135663734616437326336383864333364636163636235626337343830633739
65393037653461363335323632393233336364663635663933343964323630393764336532393066
37386632353061633162626665666333393965386535316262313730656262613138383065626161
32626263333362356636303937343233663635636663373238373933613638303064623538356138
39653330663430643430656238383734313538386166393738343739363433316239613534376634
65373234613361663336373637393630623436633061653765366364343533356563393430613864
63323665636363653961386532633633353332326536633233353630333237313633376633346533
61376262623837633837303562306234393735343338633034313761646533636533346338663261
33386638353833666330306636323539383835653536616531636538623537626330326366313261
66363131343664323963663931353030373266653336646462656535663239643563626564356131
31666430323838643031323465323061303231613037306261353135633435626336663838323730
64333930623061323364383164626263666363386365373463366662653031343733633166643961
34633365396165386235646135616432323262376431316535666333363062376663343738666663
39386532316162386238666565353232633837393732653230626539333832363732653634333038
30306265353334663362656531626636633939323834636239326435393137636535393630316164
62373266613434363034326237643166643135383839363135333537663166396133376435346432
32393936306237613139366232643261356562636431646536666438663334376636313437353832
63353563666335326137646132373330386239393366306232386663356337363962303732646637
33313535666134613139353365663165393236316333333930343061363232303366356632636539
35346635663139343136643235343136623635656230396233363864393538313535356465623336
35313038356532373436363464326238663835373062376364643664366137613265656666663837
30653964323663306636343262623332353263316139346631643665333630373966366564616634
63333733393135646435323936646334363234626461383764316365343337623961653734366261
36383330343834306566623963356363373632653130353136353733373933383465373365313531
36323037376262613965313564613965393161366163663039356233643936336264613064343832
35613063336661326633643337346236383234646164346233343131643838376262373338373164
33306531313530663664613866373363653863646438383666396666656330653233636238626233
36326336623265663638326265396536343061346535646232363662373237623733383534626439
37626364303336626335313162616465613239353539633035303138623732323130656131613731
37343966363939333738326435396264666539633135303736356635356161663737323862386433
61623638666436663165613366396434383531646531356266373532343264323130316262653934
36313937366632613161646633653564336164366438353031626463363763393136653363346530
38363031356232343038393137346630333332316634353863623530616237313661636537303561
32666134336132393535643431343263323839316639363232666466666563383735356566396438
37323862653966353332323138386661653034316338363465643465363237366530383938323637
36643036376435643739383332373437326632633936313962323962306637666466353636643731
35316335316261373032313863333764376132343765646531663838313831616262376333323861
32663538666634653866383662633736303735363735396437643039626565353033636266376236
32303064653337333066613666323365356561356435313034326534376433373365323134393662
65646663636461653765643435316135373332666563323165383939613962613336636332333634
66316239613739653461393732353335373836383333346434346662303735613662663863333432
39343539663461376462663237343830386537313735346638663330353462323139326430353536
64343739646266303736316666626639393461653934386136363031323635653935353431336662
34303363363232343435323561306161643365383039386162333561653338303964633239373664
61303738376366626262386262353466643432356532323731633333313032323838393435366333
64656636653061643462353631303365343864366161386665653936633863343162663336313064
31323966626430303737656165663964366365626239653062363437663432393633383661636234
64643964653166643830336437323232643532346665373538623562616431653639633639643861
66643864386136386165643935396361623363353262323033366431303932646264643131363065
34346363646433636561333139333864393038666166303937303062643437636233396266363466
37373034643365343739663130626134343266313034633734323639616465326164396365313933
63386231343432613032333735343364663861306562346262306261313433636436343731643633
31393736363137336231306431346139323666336466346531386562376361366263326331323832
32656636353734376432346563353135363039353135353262353331373264303230633439316462
35323736653135633962646461633732363833646166373266643165336230303230303633643038
35303862656332643564383232333965643839366661653239613432333161626131653761363961
62383565613865663066633566623537626332616130343539393866383430623933636563613734
31663932623332633133316231333762653666306331363862613834363732663830333239353736
34333033646235636464393530393633333462643035356364383236396136636632396630336130
63303863666535386463613537383735316261653733616666663463356135623765623465323738
65646265316565666564393166343365663733666666363131353833356132616430616234303561
66313136356633633265306236666230653763376163356465626431316138613135343533663334
35623561626238303035633037336661616630353665373931323733663331313834326135373430
66613663393137356361626537363233343966613532313864303562353335323765623865373534
62336262333033646439633865633639653364636237613364653832653633663031656230643530
37633061393934663662383136333635323730343835643037666637373738366337653964333962
39663332613866386461643137383037346361353765356134396262323833343066376231383962
38633761303565363765623132633335333462366133616264373037646566323362613532343564
62656361316266373533353038353539393563623139356562303330356230383134653262633733
35306433633239353537313833666639643737306239663638333937396561373261386130373565
63346531303261663664353035666434303561366339323334343735656630613862616365386438
32626530376235326566306463383638653764656536306133326437333332353065346235633762
61613439373738356638663931366631386631383939363437353061643362383038383634363136
37636138363330303465353730316161333031303837343166303931306361316635626438383538
38343266333164306462663938373866613534373039653034646463666461393838326637366565
35306532623637383633613961396239383032663535613537393231623237636130303939643633
36306463356537386465343138303066633362303566636630363935313061383134376164656232
31346530376466656433356463613361623230326138323366626163343832366662616531626262
65636532386330326362643462363438646239336530313331633164363437386439333238376565
61306533633362343132616164346432383136346336356366313630396334633733396363326565
65663765313133306538393934353131646237316462366431336331363163366262633735356461
38333165356137633063396336623962393763326130626430376337313934316132623835666639
31303865316537633162613234626138306231313333623836326236643062316663393435366363
34356363613236376238363739313361363766313233393731366137333764613066396231633331
66643961663837663062616434356333653632373933626136363639646138303835363735316338
66306133653737323435376333653835343039336330303264643630306130336339323137613730
63326338363434643731626464643162336261383036613663353365336137303966333234353863
37346231326339306562663033383863623563303532373231313339386336343139623162336533
33633936373361343433396666663030616163383062633632393664353231306562396661313531
63336235356361356236396639636430373135636334643033623130623466643565323865653638
64376534623966383465316234613034386336363338343866623331333335373832306632363332
37666430366532313633363835383939663664363837666366313439326536633731613466636436
34623162646235633561316437366631376236386262616530663236343865326563363332326637
35613032346565633763363338663864376536646235343531636561353431333033643666626530
65376165353536363637343130623635316638303165633532393237353765363131366464393234
62333861353463613237376439376465636462393639623537633964613862323038376130316530
64326162313435323734393236616233663262616435363933633162646663366233366166346233
34366433356638363231316233626163623534316534616635303161643537616439616532313634
38323339646162636138663862666537353166323463393861623963376135623463643964616565
33346238643732326266363532376566366138643733326132393939306539623930306366623666
65323338646530613663653566656364613463616535353232363136356231393964386131636638
34303635653937356233636335356630336336633637323939356335653239373638376366333138
38643631653665313365336436323234346361643137653232366363623733303166326665396164
36383763663338366334366132323735333063623139396237313130656261393334383065623466
63616132366437306264646235356465383537386165373763333931386638343930396435663462
30393833363838306139613136323738323861616532303563353832383365393861613531396632
64363666333538613434613835386431366330663837613633316362353439343039356139336433
30313138646437383461363264326431356332653037386464333930333634346562303533373335
35643161663731366361376533616466326636646433656331616337396433363034373266623935
37666630346466316239333561633465316662376466643832396564393831313061626536363465
31376432643939613262623531323962613363323238666537386137643338386261383262376461
32316366356233633862663966393937326432323430636535663234393962663933356135346464
30323566363235393561346462663361626361623662656636363030616464653432656236623539
65363230636336646538653834366634393435386330373238336161346334626436666565376436
62363961393366613364333361646365333531626164336433313634316139363033656139626566
35383236383232306565323161633134336639303132373737336535343064386161303933613239
63353966653562323463613431316239323531356537663663363138353763386430653036613830
31353463316230316537316461323330633763656637663461383137323064313462376265366263
38353432306436373231373738383862656637323033306263653332643764383032666565636639
3963316562383366656161343266663861393730666134396137
